Sampling	Condition	SampleID	Taunc	Tacorr	analyte_mass g	file name	CRM type	CRM TA umol_kg-1	Titrant nominal concentration M	Titrant stardized conc M	Titration_batch	Salinity	DIC	analyte_mass	CRM2
0h	4	4.0.1	2.334	2.334	48.69	T40356_20221206_1836_012_Tdata2	SS20221120_3	2342	0.1	0.1017	4	33.63	2029.92	0.04869	2214.54
0h	4	4.0.1	2.334	2.334	48.38	T40356_20221206_1836_012_Tdata3	SS20221120_3	2342	0.1	0.1017	4	33.63	2029.92	0.04838	2214.54
0h	4	4.0.2	2.339	2.339	48.84	T40356_20221206_1846_013_Tdata1	SS20221120_3	2342	0.1	0.1017	4	32.20	2029.92	0.04884	2214.54
0h	4	4.0.2	2.332	2.332	47.34	T40356_20221206_1846_013_Tdata2	SS20221120_3	2342	0.1	0.1017	4	32.20	2029.92	0.04734	2214.54
0h	4	4.0.3	2.338	2.338	50.33	T40356_20221206_1859_014_Tdata1	SS20221120_3	2342	0.1	0.1017	4	32.88	2029.92	0.05033	2214.54
0h	4	4.0.3	2.338	2.338	50.08	T40356_20221206_1859_014_Tdata3	SS20221120_3	2342	0.1	0.1017	4	32.88	2029.92	0.05008	2214.54
6h	1	1.6.1	2.853	2.853	49.18	T40356_20221202_1733_097_Tdata1	SS20221120_2	2342	0.1	0.1015	3	33.65	2029.92	0.04918	2214.54
6h	1	1.6.1	2.849	2.849	49.79	T40356_20221202_1733_097_Tdata2	SS20221120_2	2342	0.1	0.1015	3	33.65	2029.92	0.04979	2214.54
6h	1	1.6.2	2.862	2.862	50.73	T40356_20221202_1750_098_Tdata1	SS20221120_2	2342	0.1	0.1015	3	33.28	2029.92	0.05073	2214.54
6h	1	1.6.2	2.827	2.827	49.26	T40356_20221202_1750_098_Tdata3	SS20221120_2	2342	0.1	0.1015	3	33.28	2029.92	0.04926	2214.54
6h	1	1.6.3	2.869	2.869	49.6	T40356_20221202_1806_099_Tdata2	SS20221120_2	2342	0.1	0.1015	3	32.94	2029.92	0.0496	2214.54
6h	1	1.6.3	2.865	2.865	51.26	T40356_20221202_1806_099_Tdata3	SS20221120_2	2342	0.1	0.1015	3	32.94	2029.92	0.05126	2214.54
6h	2	2.6.1	2.962	2.962	50.46	T40356_20221206_1400_002_Tdata1	SS20221120_3	2342	0.1	0.1017	4	32.14	2029.92	0.05046	2214.54
6h	2	2.6.1	2.976	2.976	51.43	T40356_20221206_1400_002_Tdata3	SS20221120_3	2342	0.1	0.1017	4	32.14	2029.92	0.05143	2214.54
6h	2	2.6.2	2.995	2.995	49.82	T40356_20221206_1502_004_Tdata1	SS20221120_3	2342	0.1	0.1017	4	33.54	2029.92	0.04982	2214.54
6h	2	2.6.2	2.985	2.985	53.16	T40356_20221206_1502_004_Tdata3	SS20221120_3	2342	0.1	0.1017	4	33.54	2029.92	0.05316	2214.54
6h	2	2.6.3	2.684	2.684	44.85	T40356_20221206_1511_005_Tdata1	SS20221120_3	2342	0.1	0.1017	4	32.84	2029.92	0.04485	2214.54
6h	2	2.6.3	2.688	2.688	46.27	T40356_20221206_1511_005_Tdata2	SS20221120_3	2342	0.1	0.1017	4	32.84	2029.92	0.04627	2214.54
6h	3	3.6.1	2.669	2.669	44.96	T40356_20221206_1530_006_Tdata1	SS20221120_3	2342	0.1	0.1017	4	33.55	2029.92	0.04496	2214.54
6h	3	3.6.1	2.676	2.676	47.03	T40356_20221206_1530_006_Tdata3	SS20221120_3	2342	0.1	0.1017	4	33.55	2029.92	0.04703	2214.54
6h	3	3.6.2	2.651	2.651	49.26	T40356_20221206_1546_007_Tdata2	SS20221120_3	2342	0.1	0.1017	4	33.15	2029.92	0.04926	2214.54
6h	3	3.6.2	2.644	2.644	48.86	T40356_20221206_1546_007_Tdata3	SS20221120_3	2342	0.1	0.1017	4	33.15	2029.92	0.04886	2214.54
6h	3	3.6.3	2.585	2.585	52.29	T40356_20221206_1602_008_Tdata2	SS20221120_3	2342	0.1	0.1017	4	32.52	2029.92	0.05229	2214.54
6h	3	3.6.3	2.589	2.589	45.44	T40356_20221206_1602_008_Tdata3	SS20221120_3	2342	0.1	0.1017	4	32.52	2029.92	0.04544	2214.54
6h	4	4.6.1	2.363	2.363	52.3	T40356_20221206_1619_009_Tdata1	SS20221120_3	2342	0.1	0.1017	4	32.46	2029.92	0.0523	2214.54
6h	4	4.6.1	2.359	2.359	46.86	T40356_20221206_1619_009_Tdata3	SS20221120_3	2342	0.1	0.1017	4	32.46	2029.92	0.04686	2214.54
6h	4	4.6.2	2.353	2.353	50.99	T40356_20221206_1633_010_Tdata1	SS20221120_3	2342	0.1	0.1017	4	33.69	2029.92	0.05099	2214.54
6h	4	4.6.2	2.339	2.339	47.62	T40356_20221206_1633_010_Tdata3	SS20221120_3	2342	0.1	0.1017	4	33.69	2029.92	0.04762	2214.54
6h	4	4.6.3	2.346	2.346	47.21	T40356_20221206_1821_011_Tdata1	SS20221120_3	2342	0.1	0.1017	4	33.81	2029.92	0.04721	2214.54
6h	4	4.6.3	2.35	2.35	47.44	T40356_20221206_1821_011_Tdata3	SS20221120_3	2342	0.1	0.1017	4	33.81	2029.92	0.04744	2214.54
12h	1	1.12.1	2.532	2.532	54.53	T40356_20221202_1501_084_Tdata1	SS20221120_2	2342	0.1	0.1015	3	33.53	2029.92	0.05453	2214.54
12h	1	1.12.1	2.535	2.535	47.16	T40356_20221202_1501_084_Tdata3	SS20221120_2	2342	0.1	0.1015	3	33.53	2029.92	0.04716	2214.54
12h	1	1.12.2	2.508	2.508	44.09	T40356_20221202_1516_085_Tdata1	SS20221120_2	2342	0.1	0.1015	3	33.50	2029.92	0.04409	2214.54
12h	1	1.12.2	2.51	2.51	46.97	T40356_20221202_1516_085_Tdata2	SS20221120_2	2342	0.1	0.1015	3	33.50	2029.92	0.04697	2214.54
12h	1	1.12.3	2.549	2.549	45.65	T40356_20221202_1527_086_Tdata1	SS20221120_2	2342	0.1	0.1015	3	33.54	2029.92	0.04565	2214.54
12h	1	1.12.3	2.554	2.554	49.23	T40356_20221202_1527_086_Tdata2	SS20221120_2	2342	0.1	0.1015	3	33.54	2029.92	0.04923	2214.54
12h	2	2.12.1	2.492	2.492	43.04	T40356_20221202_1542_087_Tdata1	SS20221120_2	2342	0.1	0.1015	3	33.82	2029.92	0.04304	2214.54
12h	2	2.12.1	2.513	2.513	50.51	T40356_20221202_1542_087_Tdata2	SS20221120_2	2342	0.1	0.1015	3	33.82	2029.92	0.05051	2214.54
12h	2	2.12.2	2.525	2.525	43.18	T40356_20221202_1552_088_Tdata1	SS20221120_2	2342	0.1	0.1015	3	33.23	2029.92	0.04318	2214.54
12h	2	2.12.2	2.531	2.531	41.54	T40356_20221202_1552_088_Tdata2	SS20221120_2	2342	0.1	0.1015	3	33.23	2029.92	0.04154	2214.54
12h	2	2.12.3	2.446	2.446	40.21	T40356_20221202_1600_089_Tdata1	SS20221120_2	2342	0.1	0.1015	3	33.84	2029.92	0.04021	2214.54
12h	2	2.12.3	2.446	2.446	40.93	T40356_20221202_1600_089_Tdata2	SS20221120_2	2342	0.1	0.1015	3	33.84	2029.92	0.04093	2214.54
12h	3	3.12.1	2.423	2.423	43.03	T40356_20221202_1618_090_Tdata1	SS20221120_2	2342	0.1	0.1015	3	33.42	2029.92	0.04303	2214.54
12h	3	3.12.1	2.421	2.421	45.69	T40356_20221202_1618_090_Tdata3	SS20221120_2	2342	0.1	0.1015	3	33.42	2029.92	0.04569	2214.54
12h	3	3.12.2	2.49	2.49	43.06	T40356_20221202_1623_091_Tdata1	SS20221120_2	2342	0.1	0.1015	3	34.00	2029.92	0.04306	2214.54
12h	3	3.12.2	2.5	2.5	42.94	T40356_20221202_1628_092_Tdata1	SS20221120_2	2342	0.1	0.1015	3	34.00	2029.92	0.04294	2214.54
12h	3	3.12.3	2.509	2.509	50.1	T40356_20221202_1649_093_Tdata1	SS20221120_2	2342	0.1	0.1015	3	33.78	2029.92	0.0501	2214.54
12h	3	3.12.3	2.487	2.487	50.58	T40356_20221202_1649_093_Tdata2	SS20221120_2	2342	0.1	0.1015	3	33.78	2029.92	0.05058	2214.54
12h	4	4.12.1	2.339	2.339	44.96	T40356_20221202_1659_094_Tdata1	SS20221120_2	2342	0.1	0.1015	3	33.79	2029.92	0.04496	2214.54
12h	4	4.12.1	2.338	2.338	45.41	T40356_20221202_1659_094_Tdata2	SS20221120_2	2342	0.1	0.1015	3	33.79	2029.92	0.04541	2214.54
12h	4	4.12.2	2.365	2.365	45	T40356_20221202_1708_095_Tdata1	SS20221120_2	2342	0.1	0.1015	3	33.90	2029.92	0.045	2214.54
12h	4	4.12.2	2.361	2.361	46.22	T40356_20221202_1708_095_Tdata2	SS20221120_2	2342	0.1	0.1015	3	33.90	2029.92	0.04622	2214.54
12h	4	4.12.3	2.338	2.338	49.48	T40356_20221202_1719_096_Tdata1	SS20221120_2	2342	0.1	0.1015	3	33.57	2029.92	0.04948	2214.54
12h	4	4.12.3	2.345	2.345	51.18	T40356_20221202_1719_096_Tdata2	SS20221120_2	2342	0.1	0.1015	3	33.57	2029.92	0.05118	2214.54
12h	1	1.18.1	2.425	2.425	51.48	T40356_20221202_1151_072_Tdata2	SS20221120_2	2342	0.1	0.1015	3	32.26	2029.92	0.05148	2214.54
12h	1	1.18.1	2.432	2.432	51.22	T40356_20221202_1151_072_Tdata3	SS20221120_2	2342	0.1	0.1015	3	32.26	2029.92	0.05122	2214.54
12h	1	1.18.2	2.47	2.47	49.96	T40356_20221202_1202_073_Tdata1	SS20221120_2	2342	0.1	0.1015	3	33.75	2029.92	0.04996	2214.54
12h	1	1.18.2	2.457	2.457	50.18	T40356_20221202_1202_073_Tdata2	SS20221120_2	2342	0.1	0.1015	3	33.75	2029.92	0.05018	2214.54
12h	1	1.18.3	2.43	2.43	50.03	T40356_20221202_1220_074_Tdata1	SS20221120_2	2342	0.1	0.1015	3	33.75	2029.92	0.05003	2214.54
12h	1	1.18.3	2.451	2.451	50.09	T40356_20221202_1220_074_Tdata2	SS20221120_2	2342	0.1	0.1015	3	33.75	2029.92	0.05009	2214.54
12h	2	2.18.1	2.466	2.466	52.8	T40356_20221202_1237_075_Tdata2	SS20221120_2	2342	0.1	0.1015	3	33.47	2029.92	0.0528	2214.54
12h	2	2.18.1	2.46	2.46	50.11	T40356_20221202_1237_075_Tdata3	SS20221120_2	2342	0.1	0.1015	3	33.47	2029.92	0.05011	2214.54
12h	2	2.18.2	2.491	2.491	50	T40356_20221202_1248_076_Tdata1	SS20221120_2	2342	0.1	0.1015	3	33.18	2029.92	0.05	2214.54
12h	2	2.18.2	2.484	2.484	48.5	T40356_20221202_1248_076_Tdata2	SS20221120_2	2342	0.1	0.1015	3	33.18	2029.92	0.0485	2214.54
12h	2	2.18.3	2.404	2.404	52.31	T40356_20221202_1305_077_Tdata2	SS20221120_2	2342	0.1	0.1015	3	32.20	2029.92	0.05231	2214.54
12h	2	2.18.3	2.408	2.408	49.07	T40356_20221202_1305_077_Tdata3	SS20221120_2	2342	0.1	0.1015	3	32.20	2029.92	0.04907	2214.54
12h	3	3.18.1	2.415	2.415	50.33	T40356_20221202_1325_078_Tdata2	SS20221120_2	2342	0.1	0.1015	3	33.95	2029.92	0.05033	2214.54
12h	3	3.18.1	2.392	2.392	52.3	T40356_20221202_1325_078_Tdata3	SS20221120_2	2342	0.1	0.1015	3	33.95	2029.92	0.0523	2214.54
12h	3	3.18.2	2.433	2.433	52.57	T40356_20221202_1336_079_Tdata1	SS20221120_2	2342	0.1	0.1015	3	33.85	2029.92	0.05257	2214.54
12h	3	3.18.2	2.442	2.442	52.64	T40356_20221202_1336_079_Tdata2	SS20221120_2	2342	0.1	0.1015	3	33.85	2029.92	0.05264	2214.54
12h	3	3.18.3	2.53	2.53	49.6	T40356_20221202_1353_080_Tdata1	SS20221120_2	2342	0.1	0.1015	3	34.35	2029.92	0.0496	2214.54
12h	3	3.18.3	2.526	2.526	49.43	T40356_20221202_1353_080_Tdata3	SS20221120_2	2342	0.1	0.1015	3	34.35	2029.92	0.04943	2214.54
12h	4	4.18.1	2.337	2.337	49.93	T40356_20221202_1409_081_Tdata2	SS20221120_2	2342	0.1	0.1015	3	33.81	2029.92	0.04993	2214.54
12h	4	4.18.1	2.347	2.347	51.65	T40356_20221202_1409_081_Tdata3	SS20221120_2	2342	0.1	0.1015	3	33.81	2029.92	0.05165	2214.54
12h	4	4.18.2	2.359	2.359	50.45	T40356_20221202_1421_082_Tdata1	SS20221120_2	2342	0.1	0.1015	3	34.04	2029.92	0.05045	2214.54
12h	4	4.18.2	2.35	2.35	49.88	T40356_20221202_1421_082_Tdata2	SS20221120_2	2342	0.1	0.1015	3	34.04	2029.92	0.04988	2214.54
12h	4	4.18.3	2.337	2.337	49.76	T40356_20221202_1430_083_Tdata2	SS20221120_2	2342	0.1	0.1015	3	33.25	2029.92	0.04976	2214.54
24h	1	1.24.1	2.43	2.43	50.57	T40356_20221122_1559_058_Tdata1	SS20221120_1	2342	0.1	0.1018	2	33.20	2029.92	0.05057	2214.54
24h	1	1.24.1	2.454	2.454	51.25	T40356_20221122_1559_058_Tdata2	SS20221120_1	2342	0.1	0.1018	2	33.20	2029.92	0.05125	2214.54
24h	1	1.24.2	2.463	2.463	52.06	T40356_20221122_1346_049_Tdata1	SS20221120_1	2342	0.1	0.1018	2	33.68	2029.92	0.05206	2214.54
24h	1	1.24.2	2.463	2.463	49.21	T40356_20221122_1430_050_Tdata1	SS20221120_1	2342	0.1	0.1018	2	33.68	2029.92	0.04921	2214.54
24h	1	1.24.2	2.465	2.465	46.73	T40356_20221122_1430_050_Tdata2	SS20221120_1	2342	0.1	0.1018	2	33.68	2029.92	0.04673	2214.54
24h	1	1.24.3	2.427	2.427	47.17	T40356_20221122_1442_051_Tdata1	SS20221120_1	2342	0.1	0.1018	2	33.04	2029.92	0.04717	2214.54
24h	1	1.24.3	2.428	2.428	47.91	T40356_20221122_1442_051_Tdata2	SS20221120_1	2342	0.1	0.1018	2	33.04	2029.92	0.04791	2214.54
24h	2	2.24.1	2.434	2.434	46.47	T40356_20221122_1453_052_Tdata1	SS20221120_1	2342	0.1	0.1018	2	33.48	2029.92	0.04647	2214.54
24h	2	2.24.1	2.429	2.429	48.36	T40356_20221122_1453_052_Tdata2	SS20221120_1	2342	0.1	0.1018	2	33.48	2029.92	0.04836	2214.54
24h	2	2.24.2	2.47	2.47	49.11	T40356_20221122_1511_053_Tdata2	SS20221120_1	2342	0.1	0.1018	2	33.88	2029.92	0.04911	2214.54
24h	2	2.24.2	2.467	2.467	48.84	T40356_20221122_1511_053_Tdata3	SS20221120_1	2342	0.1	0.1018	2	33.88	2029.92	0.04884	2214.54
24h	2	2.24.3	2.397	2.397	46.34	T40356_20221122_1523_054_Tdata1	SS20221120_1	2342	0.1	0.1018	2	33.67	2029.92	0.04634	2214.54
24h	2	2.24.3	2.396	2.396	50.04	T40356_20221122_1523_054_Tdata2	SS20221120_1	2342	0.1	0.1018	2	33.67	2029.92	0.05004	2214.54
24h	3	3.24.1	2.395	2.395	50.09	T40356_20221122_1646_062_Tdata1	SS20221120_1	2342	0.1	0.1018	2	33.37	2029.92	0.05009	2214.54
24h	3	3.24.1	2.392	2.392	53.31	T40356_20221122_1646_062_Tdata3	SS20221120_1	2342	0.1	0.1018	2	33.37	2029.92	0.05331	2214.54
24h	3	3.24.2	2.427	2.427	48.28	T40356_20221122_1657_063_Tdata1	SS20221120_1	2342	0.1	0.1018	2	33.54	2029.92	0.04828	2214.54
24h	3	3.24.2	2.43	2.43	48.25	T40356_20221122_1657_063_Tdata2	SS20221120_1	2342	0.1	0.1018	2	33.54	2029.92	0.04825	2214.54
24h	3	3.24.3	2.426	2.426	52.68	T40356_20221122_1712_064_Tdata1	SS20221120_1	2342	0.1	0.1018	2	33.70	2029.92	0.05268	2214.54
24h	3	3.24.3	2.437	2.437	54.95	T40356_20221122_1712_064_Tdata3	SS20221120_1	2342	0.1	0.1018	2	33.70	2029.92	0.05495	2214.54
24h	4	4.24.1	2.334	2.334	48.63	T40356_20221122_1726_065_Tdata1	SS20221120_1	2342	0.1	0.1018	2	33.40	2029.92	0.04863	2214.54
24h	4	4.24.1	2.337	2.337	48.87	T40356_20221122_1726_065_Tdata2	SS20221120_1	2342	0.1	0.1018	2	33.40	2029.92	0.04887	2214.54
24h	4	4.24.2	2.347	2.347	49.11	T40356_20221122_1736_066_Tdata1	SS20221120_1	2342	0.1	0.1018	2	33.57	2029.92	0.04911	2214.54
24h	4	4.24.2	2.351	2.351	50.75	T40356_20221122_1736_066_Tdata2	SS20221120_1	2342	0.1	0.1018	2	33.57	2029.92	0.05075	2214.54
24h	4	4.24.3	2.346	2.346	49.79	T40356_20221122_1756_067_Tdata3	SS20221120_1	2342	0.1	0.1018	2	33.97	2029.92	0.04979	2214.54
24h	4	4.24.3	2.353	2.353	48.39	T40356_20221122_1756_068_Tdata1	SS20221120_1	2342	0.1	0.1018	2	33.97	2029.92	0.04839	2214.54
48h	1	1.48.1	2.481	2.481	50.73	T40356_20221122_1038_033_Tdata1	SS20221120_1	2342	0.1	0.1018	2	34.04	2029.92	0.05073	2214.54
48h	1	1.48.1	2.462	2.462	51.29	T40356_20221122_1059_034_Tdata2	SS20221120_1	2342	0.1	0.1018	2	34.04	2029.92	0.05129	2214.54
48h	1	1.48.2	2.51	2.51	51.08	T40356_20221122_1136_035_Tdata2	SS20221120_1	2342	0.1	0.1018	2	33.54	2029.92	0.05108	2214.54
48h	1	1.48.2	2.511	2.511	50.64	T40356_20221122_1530_055_Tdata1	SS20221120_1	2342	0.1	0.1018	2	33.54	2029.92	0.05064	2214.54
48h	1	1.48.3	2.592	2.592	51.41	T40356_20221122_1147_036_Tdata2	SS20221120_1	2342	0.1	0.1018	2	34.42	2029.92	0.05141	2214.54
48h	1	1.48.3	2.601	2.601	46.11	T40356_20221122_1538_056_Tdata1	SS20221120_1	2342	0.1	0.1018	2	34.42	2029.92	0.04611	2214.54
48h	1	1.48.4	2.5	2.5	50.61	T40356_20221122_1346_047_Tdata1	SS20221120_1	2342	0.1	0.1018	2	34.62	2029.92	0.05061	2214.54
48h	1	1.48.4	2.497	2.497	54	T40356_20221122_1346_047_Tdata2	SS20221120_1	2342	0.1	0.1018	2	34.62	2029.92	0.054	2214.54
48h	2	2.48.1	2.407	2.407	49.85	T40356_20221122_1202_037_Tdata1	SS20221120_1	2342	0.1	0.1018	2	33.79	2029.92	0.04985	2214.54
48h	2	2.48.1	2.407	2.407	50.59	T40356_20221122_1202_037_Tdata2	SS20221120_1	2342	0.1	0.1018	2	33.79	2029.92	0.05059	2214.54
48h	2	2.48.2	2.543	2.543	51.09	T40356_20221122_1202_038_Tdata1	SS20221120_1	2342	0.1	0.1018	2	33.32	2029.92	0.05109	2214.54
48h	2	2.48.2	2.541	2.541	46.93	T40356_20221122_1544_057_Tdata1	SS20221120_1	2342	0.1	0.1018	2	33.32	2029.92	0.04693	2214.54
48h	2	2.48.3	2.385	2.385	50.85	T40356_20221122_1202_039_Tdata1	SS20221120_1	2342	0.1	0.1018	2	33.86	2029.92	0.05085	2214.54
48h	2	2.48.3	2.379	2.379	51.21	T40356_20221122_1202_039_Tdata2	SS20221120_1	2342	0.1	0.1018	2	33.86	2029.92	0.05121	2214.54
48h	3	3.48.1	2.489	2.489	49.77	T40356_20221122_1202_040_Tdata1	SS20221120_1	2342	0.1	0.1018	2	34.92	2029.92	0.04977	2214.54
48h	3	3.48.1	2.492	2.492	49.64	T40356_20221122_1202_040_Tdata2	SS20221120_1	2342	0.1	0.1018	2	34.92	2029.92	0.04964	2214.54
48h	3	3.48.2	2.545	2.545	50.48	T40356_20221122_1202_042_Tdata1	SS20221120_1	2342	0.1	0.1018	2	33.76	2029.92	0.05048	2214.54
48h	3	3.48.2	2.551	2.551	49.92	T40356_20221122_1202_042_Tdata2	SS20221120_1	2342	0.1	0.1018	2	33.76	2029.92	0.04992	2214.54
48h	3	3.48.3	2.527	2.527	51.12	T40356_20221122_1202_043_Tdata1	SS20221120_1	2342	0.1	0.1018	2	33.77	2029.92	0.05112	2214.54
48h	3	3.48.3	2.538	2.538	49.96	T40356_20221122_1202_043_Tdata2	SS20221120_1	2342	0.1	0.1018	2	33.77	2029.92	0.04996	2214.54
48h	4	4.48.1	2.354	2.354	51.44	T40356_20221122_1202_044_Tdata1	SS20221120_1	2342	0.1	0.1018	2	33.82	2029.92	0.05144	2214.54
48h	4	4.48.1	2.341	2.341	47.91	T40356_20221122_1613_059_Tdata1	SS20221120_1	2342	0.1	0.1018	2	33.82	2029.92	0.04791	2214.54
48h	4	4.48.2	2.329	2.329	49.54	T40356_20221122_1202_045_Tdata2	SS20221120_1	2342	0.1	0.1018	2	33.34	2029.92	0.04954	2214.54
48h	4	4.48.2	2.326	2.326	46.19	T40356_20221122_1618_060_Tdata1	SS20221120_1	2342	0.1	0.1018	2	33.34	2029.92	0.04619	2214.54
48h	4	4.48.3	2.354	2.354	52.57	T40356_20221122_1202_046_Tdata2	SS20221120_1	2342	0.1	0.1018	2	33.05	2029.92	0.05257	2214.54
48h	4	4.48.3	2.353	2.353	51.19	T40356_20221122_1630_061_Tdata2	SS20221120_1	2342	0.1	0.1018	2	33.05	2029.92	0.05119	2214.54
72h	1	1.72.1	2.638	2.498106061	51.34	T40356_20221121_1554_019_Tdata1	batch203_1	2214.54	0.1	0.1056	1	34.80	2029.92	0.05134	2214.54
72h	1	1.72.1	2.644	2.503787879	50.58	T40356_20221121_1554_019_Tdata2	batch203_1	2214.54	0.1	0.1056	1	34.80	2029.92	0.05058	2214.54
72h	1	1.72.2	2.685	2.542613636	49.22	T40356_20221121_1608_020_Tdata1	batch203_1	2214.54	0.1	0.1056	1	34.48	2029.92	0.04922	2214.54
72h	1	1.72.2	2.696	2.553030303	49.37	T40356_20221121_1608_020_Tdata2	batch203_1	2214.54	0.1	0.1056	1	34.48	2029.92	0.04937	2214.54
72h	1	1.72.3	2.59	2.452651515	50.14	T40356_20221121_1619_021_Tdata1	batch203_1	2214.54	0.1	0.1056	1	33.21	2029.92	0.05014	2214.54
72h	1	1.72.3	2.554	2.418560606	47.3	T40356_20221121_1619_021_Tdata2	batch203_1	2214.54	0.1	0.1056	1	33.21	2029.92	0.0473	2214.54
72h	2	2.72.1	2.566	2.429924242	45.94	T40356_20221121_1631_022_Tdata1	batch203_1	2214.54	0.1	0.1056	1	34.08	2029.92	0.04594	2214.54
72h	2	2.72.1	2.549	2.413825758	50.64	T40356_20221121_1631_022_Tdata2	batch203_1	2214.54	0.1	0.1056	1	34.08	2029.92	0.05064	2214.54
72h	2	2.72.2	2.527	2.392992424	49.7	T40356_20221121_1645_023_Tdata1	batch203_1	2214.54	0.1	0.1056	1	33.86	2029.92	0.0497	2214.54
72h	2	2.72.2	2.515	2.381628788	49.76	T40356_20221121_1645_023_Tdata2	batch203_1	2214.54	0.1	0.1056	1	33.86	2029.92	0.04976	2214.54
72h	2	2.72.3	2.467	2.336174242	50.69	T40356_20221121_1656_024_Tdata1	batch203_1	2214.54	0.1	0.1056	1	31.99	2029.92	0.05069	2214.54
72h	2	2.72.3	2.472	2.340909091	51.58	T40356_20221121_1656_024_Tdata2	batch203_1	2214.54	0.1	0.1056	1	31.99	2029.92	0.05158	2214.54
72h	3	3.72.1	2.518	2.384469697	49.8	T40356_20221121_1709_025_Tdata1	batch203_1	2214.54	0.1	0.1056	1	33.70	2029.92	0.0498	2214.54
72h	3	3.72.1	2.545	2.410037879	50.47	T40356_20221121_1709_025_Tdata2	batch203_1	2214.54	0.1	0.1056	1	33.70	2029.92	0.05047	2214.54
72h	3	3.72.2	2.533	2.398674242	55.21	T40356_20221121_1720_026_Tdata1	batch203_1	2214.54	0.1	0.1056	1	33.87	2029.92	0.05521	2214.54
72h	3	3.72.2	2.534	2.399621212	50.41	T40356_20221121_1720_026_Tdata2	batch203_1	2214.54	0.1	0.1056	1	33.87	2029.92	0.05041	2214.54
72h	3	3.72.3	2.586	2.448863636	50.72	T40356_20221121_1731_027_Tdata1	batch203_1	2214.54	0.1	0.1056	1	33.52	2029.92	0.05072	2214.54
72h	3	3.72.3	2.554	2.418560606	49.87	T40356_20221121_1731_027_Tdata2	batch203_1	2214.54	0.1	0.1056	1	33.52	2029.92	0.04987	2214.54
72h	4	4.72.1	2.455	2.324810606	55.04	T40356_20221121_1740_028_Tdata1	batch203_1	2214.54	0.1	0.1056	1	33.66	2029.92	0.05504	2214.54
72h	4	4.72.1	2.442	2.3125	51.56	T40356_20221121_1740_028_Tdata2	batch203_1	2214.54	0.1	0.1056	1	33.66	2029.92	0.05156	2214.54
72h	4	4.72.2	2.467	2.336174242	51.05	T40356_20221121_1749_029_Tdata1	batch203_1	2214.54	0.1	0.1056	1	33.94	2029.92	0.05105	2214.54
72h	4	4.72.2	2.453	2.322916667	50.54	T40356_20221121_1749_029_Tdata2	batch203_1	2214.54	0.1	0.1056	1	33.94	2029.92	0.05054	2214.54
72h	4	4.72.3	2.486	2.354166667	50.6	T40356_20221121_1759_030_Tdata1	batch203_1	2214.54	0.1	0.1056	1	34.36	2029.92	0.0506	2214.54
72h	4	4.72.3	2.481	2.349431818	53.19	T40356_20221121_1759_030_Tdata2	batch203_1	2214.54	0.1	0.1056	1	34.36	2029.92	0.05319	2214.54
0h	7	7.0.1	2.198	2.289718344	49.74	T40356_20221214_1243_068_Tdata1	SS20221209_2	2430	0.1	0.1061	8	33.86	2029.92	0.04974	2214.54
0h	7	7.0.1	2.187	2.278718344	50.41	T40356_20221214_1243_068_Tdata2	SS20221209_2	2430	0.1	0.1061	8	33.86	2029.92	0.05041	2214.54
0h	7	7.0.2	2.155	2.246718344	49.23	T40356_20221215_1201_081_Tdata1	SS20221209_3	2430	0.1	0.1061	9	33.90	2029.92	0.04923	2214.54
0h	7	7.0.3	2.21	2.301718344	49.12	T40356_20221214_1315_070_Tdata3	SS20221209_2	2430	0.1	0.1061	8	32.40	2029.92	0.04912	2214.54
0h	7	7.0.3	2.23	2.321718344	52.27	T40356_20221214_1315_070_Tdata4	SS20221209_2	2430	0.1	0.1061	8	32.40	2029.92	0.05227	2214.54
0h	7	7.0.4	2.159	2.250718344	49.38	T40356_20221215_1211_082_Tdata1	SS20221209_3	2430	0.1	0.1061	9	33.88	2029.92	0.04938	2214.54
0h	7	7.0.4	2.157	2.248718344	50.42	T40356_20221215_1211_082_Tdata2	SS20221209_3	2430	0.1	0.1061	9	33.88	2029.92	0.05042	2214.54
0h	7	7.0.5	2.166	2.257718344	48.85	T40356_20221215_1224_083_Tdata2	SS20221209_3	2430	0.1	0.1061	9	34.24	2029.92	0.04885	2214.54
0h	7	7.0.5	2.164	2.255718344	50.23	T40356_20221215_1224_083_Tdata3	SS20221209_3	2430	0.1	0.1061	9	34.24	2029.92	0.05023	2214.54
6h	5	5.6.1	2.317	2.408718344	49.96	T40356_20221214_1334_071_Tdata1	SS20221209_2	2430	0.1	0.1061	8	35.13	2029.92	0.04996	2214.54
6h	5	5.6.1	2.387	2.478718344	51.09	T40356_20221214_1334_071_Tdata2	SS20221209_2	2430	0.1	0.1061	8	35.13	2029.92	0.05109	2214.54
6h	5	5.6.1	2.268	2.359718344	53.17	T40356_20221215_1249_085_Tdata1	SS20221209_3	2430	0.1	0.1061	9	35.13	2029.92	0.05317	2214.54
6h	5	5.6.1	2.276	2.367718344	55.83	T40356_20221215_1416_094_Tdata1	SS20221209_3	2430	0.1	0.1061	9	35.13	2029.92	0.05583	2214.54
6h	5	5.6.2	2.014	2.105718344	49.22	T40356_20221214_1354_072_Tdata1	SS20221209_2	2430	0.1	0.1061	8	34.78	2029.92	0.04922	2214.54
6h	5	5.6.2	2.067	2.158718344	49.02	T40356_20221214_1354_072_Tdata2	SS20221209_2	2430	0.1	0.1061	8	34.78	2029.92	0.04902	2214.54
6h	5	5.6.3	2.04	2.131718344	50.11	T40356_20221214_1412_073_Tdata1	SS20221209_2	2430	0.1	0.1061	8	35.28	2029.92	0.05011	2214.54
6h	5	5.6.3	2.087	2.178718344	51.38	T40356_20221214_1412_073_Tdata2	SS20221209_2	2430	0.1	0.1061	8	35.28	2029.92	0.05138	2214.54
6h	5	5.6.3	2.068	2.159718344	48.23	T40356_20221214_1430_074_Tdata1	SS20221209_2	2430	0.1	0.1061	8	35.28	2029.92	0.04823	2214.54
6h	5	5.6.4	2.243	2.334718344	50	T40356_20221215_1303_086_Tdata1	SS20221209_3	2430	0.1	0.1061	9	34.91	2029.92	0.05	2214.54
6h	5	5.6.4	2.243	2.334718344	49.61	T40356_20221215_1303_086_Tdata3	SS20221209_3	2430	0.1	0.1061	9	34.91	2029.92	0.04961	2214.54
6h	5	5.6.5	2.264	2.355718344	49.2	T40356_20221215_1313_087_Tdata1	SS20221209_3	2430	0.1	0.1061	9	34.94	2029.92	0.0492	2214.54
6h	5	5.6.5	2.266	2.357718344	49.18	T40356_20221215_1313_087_Tdata2	SS20221209_3	2430	0.1	0.1061	9	34.94	2029.92	0.04918	2214.54
6h	6	6.6.1	1.398	1.489718344	49.44	T40356_20221214_1445_075_Tdata1	SS20221209_2	2430	0.1	0.1061	8	35.78	2029.92	0.04944	2214.54
6h	6	6.6.1	1.747	1.838718344	50.63	T40356_20221214_1445_075_Tdata2	SS20221209_2	2430	0.1	0.1061	8	35.78	2029.92	0.05063	2214.54
6h	6	6.6.1	1.749	1.840718344	49.74	T40356_20221215_1137_079_Tdata2	SS20221209_3	2430	0.1	0.1061	9	35.78	2029.92	0.04974	2214.54
6h	6	6.6.2	1.693	1.784718344	50.62	T40356_20221215_1243_084_Tdata1	SS20221209_3	2430	0.1	0.1061	9	34.86	2029.92	0.05062	2214.54
6h	6	6.6.2	1.719	1.810718344	49.82	T40356_20221215_1243_084_Tdata2	SS20221209_3	2430	0.1	0.1061	9	34.86	2029.92	0.04982	2214.54
6h	6	6.6.2	1.79	1.881718344	50.94	T40356_20221215_1243_084_Tdata3	SS20221209_3	2430	0.1	0.1061	9	34.86	2029.92	0.05094	2214.54
6h	7	7.6.1	2.203	2.294718344	49.72	T40356_20221215_1324_088_Tdata2	SS20221209_3	2430	0.1	0.1061	9	33.89	2029.92	0.04972	2214.54
6h	7	7.6.2	2.182	2.273718344	49.75	T40356_20221215_1333_089_Tdata1	SS20221209_3	2430	0.1	0.1061	9	33.48	2029.92	0.04975	2214.54
6h	7	7.6.2	2.18	2.271718344	51.14	T40356_20221215_1333_089_Tdata2	SS20221209_3	2430	0.1	0.1061	9	33.48	2029.92	0.05114	2214.54
6h	7	7.6.3	2.173	2.264718344	51.49	T40356_20221215_1345_090_Tdata1	SS20221209_3	2430	0.1	0.1061	9	33.62	2029.92	0.05149	2214.54
6h	7	7.6.3	2.177	2.268718344	51	T40356_20221215_1345_090_Tdata3	SS20221209_3	2430	0.1	0.1061	9	33.62	2029.92	0.051	2214.54
12h	5	5.12.1	2.183	2.274718344	51.19	T40356_20221215_1353_091_Tdata1	SS20221209_3	2430	0.1	0.1061	9	34.65	2029.92	0.05119	2214.54
12h	5	5.12.1	2.193	2.284718344	50	T40356_20221215_1353_091_Tdata2	SS20221209_3	2430	0.1	0.1061	9	34.65	2029.92	0.05	2214.54
12h	5	5.12.2	2.19	2.281718344	49.2	T40356_20221215_1403_092_Tdata1	SS20221209_3	2430	0.1	0.1061	9	34.53	2029.92	0.0492	2214.54
12h	5	5.12.2	2.188	2.279718344	50.39	T40356_20221215_1403_092_Tdata2	SS20221209_3	2430	0.1	0.1061	9	34.53	2029.92	0.05039	2214.54
12h	5	5.12.3	2.249	2.340718344	55.35	T40356_20221215_1412_093_Tdata1	SS20221209_3	2430	0.1	0.1061	9	34.28	2029.92	0.05535	2214.54
12h	5	5.12.3	2.245	2.336718344	55.94	T40356_20221215_1412_093_Tdata2	SS20221209_3	2430	0.1	0.1061	9	34.28	2029.92	0.05594	2214.54
12h	6	6.12.1	3.252	3.343718344	49.26	T40356_20221215_1433_095_Tdata1	SS20221209_3	2430	0.1	0.1061	9	35.64	2029.92	0.04926	2214.54
12h	6	6.12.1	3.245	3.336718344	50.2	T40356_20221215_1433_095_Tdata3	SS20221209_3	2430	0.1	0.1061	9	35.64	2029.92	0.0502	2214.54
12h	6	6.12.2	3.441	3.532718344	50.05	T40356_20221215_1445_096_Tdata1	SS20221209_3	2430	0.1	0.1061	9	34.74	2029.92	0.05005	2214.54
12h	6	6.12.2	3.439	3.530718344	51.12	T40356_20221215_1445_096_Tdata2	SS20221209_3	2430	0.1	0.1061	9	34.74	2029.92	0.05112	2214.54
12h	7	7.12.1	2.207	2.298718344	50.95	T40356_20221215_1511_097_Tdata2	SS20221209_3	2430	0.1	0.1061	9	34.74	2029.92	0.05095	2214.54
12h	7	7.12.1	2.201	2.292718344	50.91	T40356_20221215_1511_097_Tdata3	SS20221209_3	2430	0.1	0.1061	9	34.74	2029.92	0.05091	2214.54
12h	7	7.12.2	2.181	2.272718344	52.68	T40356_20221215_1524_098_Tdata2	SS20221209_3	2430	0.1	0.1061	9	34.95	2029.92	0.05268	2214.54
12h	7	7.12.2	2.194	2.285718344	50.9	T40356_20221215_1524_098_Tdata3	SS20221209_3	2430	0.1	0.1061	9	34.95	2029.92	0.0509	2214.54
12h	7	7.12.3	2.18	2.271718344	50.71	T40356_20221215_1532_099_Tdata1	SS20221209_3	2430	0.1	0.1061	9	34.70	2029.92	0.05071	2214.54
12h	7	7.12.3	2.184	2.275718344	49.09	T40356_20221215_1532_099_Tdata2	SS20221209_3	2430	0.1	0.1061	9	34.70	2029.92	0.04909	2214.54
18h	5	5.18.1	2.28	2.28	50.77	T40356_20221207_1132_025_Tdata1	batch203_2	2214.54	0.1	0.1057	5	34.77	2029.92	0.05077	2214.54
18h	5	5.18.1	2.277	2.277	49.63	T40356_20221207_1132_025_Tdata2	batch203_2	2214.54	0.1	0.1057	5	34.77	2029.92	0.04963	2214.54
18h	5	5.18.2	2.295	2.295	48.84	T40356_20221207_1143_026_Tdata1	batch203_2	2214.54	0.1	0.1057	5	34.92	2029.92	0.04884	2214.54
18h	5	5.18.2	2.291	2.291	50.07	T40356_20221207_1143_026_Tdata2	batch203_2	2214.54	0.1	0.1057	5	34.92	2029.92	0.05007	2214.54
18h	5	5.18.3	2.338	2.338	51.06	T40356_20221207_1158_027_Tdata1	batch203_2	2214.54	0.1	0.1057	5	34.79	2029.92	0.05106	2214.54
18h	5	5.18.3	2.344	2.344	51.01	T40356_20221207_1158_027_Tdata2	batch203_2	2214.54	0.1	0.1057	5	34.79	2029.92	0.05101	2214.54
18h	6	6.18.1	2.882	2.882	48.48	T40356_20221207_0956_020_Tdata1	batch203_2	2214.54	0.1	0.1057	5	34.81	2029.92	0.04848	2214.54
18h	6	6.18.1	2.867	2.867	47.03	T40356_20221207_0956_020_Tdata3	batch203_2	2214.54	0.1	0.1057	5	34.81	2029.92	0.04703	2214.54
18h	6	6.18.2	3.048	3.048	50.89	T40356_20221207_1010_021_Tdata1	batch203_2	2214.54	0.1	0.1057	5	34.72	2029.92	0.05089	2214.54
18h	6	6.18.2	3.043	3.043	50.7	T40356_20221207_1010_021_Tdata2	batch203_2	2214.54	0.1	0.1057	5	34.72	2029.92	0.0507	2214.54
18h	7	7.18.1	2.279	2.279	49.44	T40356_20221207_1020_022_Tdata1	batch203_2	2214.54	0.1	0.1057	5	34.56	2029.92	0.04944	2214.54
18h	7	7.18.1	2.278	2.278	47.88	T40356_20221207_1020_022_Tdata2	batch203_2	2214.54	0.1	0.1057	5	34.56	2029.92	0.04788	2214.54
18h	7	7.18.2	2.257	2.257	53.63	T40356_20221207_1030_023_Tdata1	batch203_2	2214.54	0.1	0.1057	5	35.00	2029.92	0.05363	2214.54
18h	7	7.18.2	2.26	2.26	52.09	T40356_20221207_1030_023_Tdata2	batch203_2	2214.54	0.1	0.1057	5	35.00	2029.92	0.05209	2214.54
18h	7	7.18.3	2.276	2.276	45.2	T40356_20221207_1041_024_Tdata1	batch203_2	2214.54	0.1	0.1057	5	34.77	2029.92	0.0452	2214.54
18h	7	7.18.3	2.265	2.265	48.68	T40356_20221207_1041_024_Tdata2	batch203_2	2214.54	0.1	0.1057	5	34.77	2029.92	0.04868	2214.54
24h	5	5.24.1	2.272	2.272	46.83	T40356_20221209_1031_037_Tdata2	batch203_2	2214.54	0.1	0.1054	6	33.54	2029.92	0.04683	2214.54
24h	5	5.24.1	2.269	2.269	46.92	T40356_20221209_1031_037_Tdata3	batch203_2	2214.54	0.1	0.1054	6	33.54	2029.92	0.04692	2214.54
24h	5	5.24.2	2.249	2.249	46.62	T40356_20221209_1040_038_Tdata1	batch203_2	2214.54	0.1	0.1054	6	34.67	2029.92	0.04662	2214.54
24h	5	5.24.2	2.249	2.249	48.26	T40356_20221209_1040_038_Tdata2	batch203_2	2214.54	0.1	0.1054	6	34.67	2029.92	0.04826	2214.54
24h	5	5.24.3	2.295	2.295	47.48	T40356_20221209_1050_039_Tdata1	batch203_2	2214.54	0.1	0.1054	6	34.73	2029.92	0.04748	2214.54
24h	5	5.24.3	2.293	2.293	48	T40356_20221209_1050_039_Tdata2	batch203_2	2214.54	0.1	0.1054	6	34.73	2029.92	0.048	2214.54
24h	6	6.24.1	2.615	2.615	50.07	T40356_20221207_1219_028_Tdata1	batch203_2	2214.54	0.1	0.1057	5	34.24	2029.92	0.05007	2214.54
24h	6	6.24.1	2.614	2.614	49.87	T40356_20221207_1219_028_Tdata2	batch203_2	2214.54	0.1	0.1057	5	34.24	2029.92	0.04987	2214.54
24h	6	6.24.2	2.617	2.617	50.86	T40356_20221207_1240_029_Tdata1	batch203_2	2214.54	0.1	0.1057	5	35.00	2029.92	0.05086	2214.54
24h	6	6.24.2	2.633	2.633	51.13	T40356_20221207_1240_029_Tdata2	batch203_2	2214.54	0.1	0.1057	5	35.00	2029.92	0.05113	2214.54
24h	7	7.24.1	2.269	2.269	50.43	T40356_20221207_1255_030_Tdata1	batch203_2	2214.54	0.1	0.1057	5	35.04	2029.92	0.05043	2214.54
24h	7	7.24.1	2.279	2.279	51.27	T40356_20221207_1255_030_Tdata3	batch203_2	2214.54	0.1	0.1057	5	35.04	2029.92	0.05127	2214.54
24h	7	7.24.2	2.257	2.257	52.44	T40356_20221207_1317_031_Tdata1	batch203_2	2214.54	0.1	0.1057	5	34.90	2029.92	0.05244	2214.54
24h	7	7.24.2	2.286	2.286	50.3	T40356_20221207_1317_031_Tdata2	batch203_2	2214.54	0.1	0.1057	5	34.90	2029.92	0.0503	2214.54
24h	7	7.24.3	2.259	2.259	51.85	T40356_20221207_1327_032_Tdata1	batch203_2	2214.54	0.1	0.1057	5	34.79	2029.92	0.05185	2214.54
24h	7	7.24.3	2.262	2.262	50.39	T40356_20221207_1327_032_Tdata2	batch203_2	2214.54	0.1	0.1057	5	34.79	2029.92	0.05039	2214.54
48h	5	5.48.1	2.265	2.265	50.4	T40356_20221212_1638_056_Tdata2	SS20221209_1	2430	0.1	0.1061	7	34.80	2029.92	0.0504	2214.54
48h	5	5.48.1	2.263	2.263	49.84	T40356_20221212_1638_056_Tdata3	SS20221209_1	2430	0.1	0.1061	7	34.80	2029.92	0.04984	2214.54
48h	5	5.48.2	2.292	2.292	50.68	T40356_20221212_1647_057_Tdata1	SS20221209_1	2430	0.1	0.1061	7	35.28	2029.92	0.05068	2214.54
48h	5	5.48.2	2.291	2.291	51.12	T40356_20221212_1647_057_Tdata2	SS20221209_1	2430	0.1	0.1061	7	35.28	2029.92	0.05112	2214.54
48h	5	5.48.3	2.295	2.295	50.7	T40356_20221212_1704_058_Tdata1	SS20221209_1	2430	0.1	0.1061	7	34.76	2029.92	0.0507	2214.54
48h	5	5.48.3	2.303	2.303	50.07	T40356_20221212_1704_058_Tdata3	SS20221209_1	2430	0.1	0.1061	7	34.76	2029.92	0.05007	2214.54
48h	6	6.48.1	2.675	2.675	53	T40356_20221212_1713_059_Tdata1	SS20221209_1	2430	0.1	0.1061	7	35.29	2029.92	0.053	2214.54
48h	6	6.48.1	2.689	2.689	52.77	T40356_20221212_1713_059_Tdata2	SS20221209_1	2430	0.1	0.1061	7	35.29	2029.92	0.05277	2214.54
48h	6	6.48.2	2.796	2.796	50.53	T40356_20221212_1721_060_Tdata1	SS20221209_1	2430	0.1	0.1061	7	36.06	2029.92	0.05053	2214.54
48h	6	6.48.2	2.798	2.798	50.17	T40356_20221212_1721_060_Tdata2	SS20221209_1	2430	0.1	0.1061	7	36.06	2029.92	0.05017	2214.54
48h	7	7.48.1	2.193	2.284718344	49.21	T40356_20221214_1156_064_Tdata1	SS20221209_2	2430	0.1	0.1061	8	35.12	2029.92	0.04921	2214.54
48h	7	7.48.1	2.195	2.286718344	52.74	T40356_20221214_1156_064_Tdata2	SS20221209_2	2430	0.1	0.1061	8	35.12	2029.92	0.05274	2214.54
48h	7	7.48.2	2.182	2.273718344	49.8	T40356_20221214_1211_065_Tdata1	SS20221209_2	2430	0.1	0.1061	8	34.74	2029.92	0.0498	2214.54
48h	7	7.48.2	2.176	2.267718344	49.78	T40356_20221214_1211_065_Tdata3	SS20221209_2	2430	0.1	0.1061	8	34.74	2029.92	0.04978	2214.54
48h	7	7.48.3	2.181	2.272718344	49.63	T40356_20221214_1229_067_Tdata3	SS20221209_2	2430	0.1	0.1061	8	34.74	2029.92	0.04963	2214.54
48h	7	7.48.3	2.186	2.277718344	50.06	T40356_20221214_1229_067_Tdata4	SS20221209_2	2430	0.1	0.1061	8	34.74	2029.92	0.05006	2214.54
72h	5	5.72.1	2.274	2.274	50.72	T40356_20221209_1253_046_Tdata2	batch203_2	2214.54	0.1	0.1054	6	34.76	2029.92	0.05072	2214.54
72h	5	5.72.1	2.28	2.28	52.25	T40356_20221209_1253_046_Tdata3	batch203_2	2214.54	0.1	0.1054	6	34.76	2029.92	0.05225	2214.54
72h	5	5.72.2	2.385	2.385	51.72	T40356_20221209_1315_048_Tdata1	batch203_2	2214.54	0.1	0.1054	6	35.29	2029.92	0.05172	2214.54
72h	5	5.72.2	2.407	2.407	50.72	T40356_20221209_1323_049_Tdata1	batch203_2	2214.54	0.1	0.1054	6	35.29	2029.92	0.05072	2214.54
72h	5	5.72.3	2.372	2.372	54.21	T40356_20221209_1343_051_Tdata1	batch203_2	2214.54	0.1	0.1054	6	37.75	2029.92	0.05421	2214.54
72h	5	5.72.3	2.377	2.377	45.75	T40356_20221209_1343_051_Tdata2	batch203_2	2214.54	0.1	0.1054	6	37.75	2029.92	0.04575	2214.54
72h	6	6.72.1	2.536	2.536	50.47	T40356_20221209_1229_044_Tdata2	batch203_2	2214.54	0.1	0.1054	6	35.60	2029.92	0.05047	2214.54
72h	6	6.72.1	2.529	2.529	51.1	T40356_20221209_1229_044_Tdata3	batch203_2	2214.54	0.1	0.1054	6	35.60	2029.92	0.0511	2214.54
72h	6	6.72.2	2.536	2.536	49.37	T40356_20221209_1239_045_Tdata1	batch203_2	2214.54	0.1	0.1054	6	34.58	2029.92	0.04937	2214.54
72h	6	6.72.2	2.539	2.539	50.52	T40356_20221209_1239_045_Tdata2	batch203_2	2214.54	0.1	0.1054	6	34.58	2029.92	0.05052	2214.54
72h	7	7.72.1	2.266	2.266	52.26	T40356_20221209_1148_040_Tdata2	batch203_2	2214.54	0.1	0.1054	6	34.75	2029.92	0.05226	2214.54
72h	7	7.72.1	2.262	2.262	51.16	T40356_20221209_1148_040_Tdata3	batch203_2	2214.54	0.1	0.1054	6	34.75	2029.92	0.05116	2214.54
72h	7	7.72.2	2.306	2.306	50.01	T40356_20221209_1159_041_Tdata1	batch203_2	2214.54	0.1	0.1054	6	35.86	2029.92	0.05001	2214.54
72h	7	7.72.2	2.302	2.302	49.41	T40356_20221209_1159_041_Tdata2	batch203_2	2214.54	0.1	0.1054	6	35.86	2029.92	0.04941	2214.54
72h	7	7.72.3	2.268	2.268	51.21	T40356_20221209_1215_042_Tdata2	batch203_2	2214.54	0.1	0.1054	6	35.15	2029.92	0.05121	2214.54
72h	7	7.72.3	2.275	2.275	50.55	T40356_20221209_1215_042_Tdata3	batch203_2	2214.54	0.1	0.1054	6	35.15	2029.92	0.05055	2214.54
															
															
															
